1791612529
1791612529
1791612543
1791509758
1791612517
1979271653
1791612534
1791612515
1791612524
1791612512
1791612525
1791612517
1791612537
3756030732
1791612536
1979645874
1979645875
3673711266
1979645794
1791612531
3673711266
3673711266
1978125637
1979271655
1979271658
1979271657
1979271656
1978125639
1979271654
1791612527
1791612528
1791612535
1791509008
1791612514
1791612529
1791612532
1791612530
825048834
825048833
825048833
825048833
825048833
825048833
825048834
825048834
825048834
825048834
825048833
825048833
825048834
825048833
825048834
825048833
825048834
825048834
825048833
825048834
825048834
825048834
