3633735475
3633735483
2800132679
2800132935
3234852098
1803165531
2734149144
2734149145
3398917377
1803165481
1803165531
1118809115
3493206659
3493220515
1803165531
3635458004
1161257048
1113457921
1113460533
1113460534
1113464421
3234324804
1119428858
59890649
418226060
418226123
1161257048
2891443975
3467138055
2815357418
1803165531
1168220795
1168220923
1161257048
2303942760
2303943016
3234852098
1118510804
3234852098
3331071528
3337019448
3337020472
3337021496
3519785025
3494034377
1810840360
1158019036
3498600076
3498600077
3458754981
1810840360
3343053185
3628230413
3628230414
