3265153771
3265153772
1590560424
3386935584
3386935584
1336619732
3561572412
3561572476
3645637285
3645637290
2991499777
2991500033
3129836554
3129847615
3129967626
3129967743
3037383960
3037383961
2204396664
2204396665
3037383960
3498600076
3498600077
3155557615
3155557616
3155557617
3582880074
3582880075
3582880076
3579727388
3579727390
3582880074
3582880075
3582880076
3579727388
3579727390
3155557615
3155557616
3155557617
3155557615
3155557616
3155557617
3584186921
3579726562
3579726563
1406673012
1406673268
2508709914
2508710411
2508711939
2508712195
3526438849
3526438850
1702350881
1702352897
1702305602
1702305603
3523885185
3523885441
1705571905
1705572033
2508709912
2508710409
1705571905
1705572033
2508709912
2508710409
96406269
96406270
86777991
86778247
86777991
86778247
3386935584
2070737146
2070737147
1950011191
1950011287
3389304257
1370046293
1370046298
3104023120
3104023376
3571514792
3571514794
3588358320
3588358322
3557134816
3557134817
1489585665
1053889605
1362417281
1362417537
1362417538
1066365128
3366548533
3366548534
3366549046
2566849040
2566852096
2566849040
2566852096
2566849040
2566852096
3141287490
2566849040
2566852096
3386935584
2156723995
2156724027
2156724059
3105124708
1680538128
3487295777
1680538128
1209342522
3516177712
3496140791
1115817652
3097646464
3097691472
1168045058
3341758506
1168035730
3516177712
2393185694
2393189790
2327603964
2327603965
2327603966
3269891070
3269891326
3577186041
3577186297
3362778697
3212731142
770188033
3194408202
3194408212
3194408202
3194408212
3188551418
3386935584
3558826099
3558832755
3587153385
3587153386
1360342561
1360342593
1049430840
1049430843
1049430885
2698642178
2698642180
522077592
522077593
1844296589
1844296590
1844296591
1844296597
1844296598
1844296599
1844296601
1844296602
1844296603
1844296605
1844296606
1844296607
3574865672
3574896400
3574902584
3574865672
3574896400
3574902584
2332492490
2332492493
1425437079
1425437591
1593247559
1406673012
1406673268
1023968258
1023971074
1023972354
1023974402
1056148552
3285704768
3285705280
3287880256
1305871520
1305871521
1334478851
1334478852
1049076012
1049076100
1043107051
1043112595
3386935584
3195821569
3195821576
3198564997
3198676869
3194966215
3357138562
3361035540
3361035542
3274897342
3274897343
3268152828
3268152829
3580268043
3580268059
3580268075
693893325
693893326
693893327
1774648932
1774649728
1774976846
1774976850
1774976852
3318218628
2630353247
2630353329
3567698698
3567698699
3564764915
1547368956
1547368957
772174144
3651669312
3573834881
3573834889
3573834897
3573834905
3567698698
3567698699
3573834881
3573834889
3573834897
3573834905
3115493664
3115493665
1536649191
3571580871
1333066965
1333066971
1424496406
1424496407
3584110354
3584110356
3587754573
3587754574
3587754572
3264108904
3264109032
3108688544
3108688608
1342970250
1342973149
1549409281
1549409282
1549409283
1549409284
3558548110
3558548114
3558548115
3105098453
1053398353
1053398354
3241735376
3241735632
1549409281
1549409282
1549409283
1040622435
1367547877
1472333832
1472334088
1472354312
1472354568
1481771984
1481771997
2499591264
3113872737
526273537
526273538
526273541
526273542
526273545
526273537
526273538
526273541
526273542
526273545
1056858210
1342242050
621969662
3558739916
3558739917
3111039564
3111039565
3111039628
3272237258
3272238026
526273537
526273538
526273541
526273542
526273545
3113872480
3113872481
3386935584
3558739916
3558739917
700293305
700293561
700293562
1586475250
1586475474
1045044740
1045044772
1425935456
1425935457
3398917377
2019090437
2019090438
2019094533
2019094534
3034285586
3416278230
3416278998
2019090437
2019090438
2019094533
2019094534
3069138433
3069146625
2019090437
2019090438
2019094533
2019094534
2019090437
2019090438
2019094533
2019094534
3273522596
3273522666
1445066834
1445066962
3562762677
3562762706
3645868833
3645868841
3560144771
3560144772
1358193150
1358193151
1913186426
1941089540
1941090052
1941089540
1941090052
1913186426
1494433885
1494434046
3588854817
1445672996
1445672997
1382451225
1382451481
2953617202
2953617204
773019404
773019532
1358332784
1358332785
1358333040
1358333041
3582542022
3582542054
3119456050
3272237258
3272238026
1791612529
1791612529
1791612543
1791509758
1791612517
1979271653
1791612534
1791612515
1791612524
1791612512
1791612525
1791612517
1791612537
3756030732
1791612536
1979645874
1979645875
3673711266
1979645794
1791612531
3673711266
3673711266
1978125637
1979271655
1979271658
1979271657
1979271656
1978125639
1979271654
1791612527
1791612528
1791612535
1791509008
1791612514
1791612529
1791612532
1791612530
825048834
825048833
825048833
825048833
825048833
825048833
825048834
825048834
825048834
825048834
825048833
825048833
825048834
825048833
825048834
825048833
825048834
825048834
825048833
825048834
825048834
825048834
3110064108
3742989252
3332416773
3332417029
3261726204
3261726205
3264276033
3264276037
1311308248
1311308251
3653810280
3653810283
3653810290
1532069152
1532069153
1402865675
1402865676
1406673012
1406673268
2537205762
2537205763
2537205764
2537205765
2537205766
2537205767
2537205768
2537205889
2537205890
2537205892
2537205893
2537205894
2537205895
2537205896
2537205904
2537205905
2537205762
2537205763
2537205764
2537205765
2537205766
2537205767
2537205768
2537205889
2537205890
2537205892
2537205893
2537205894
2537205895
2537205896
2537205904
2537205905
3558739916
3558739917
1066365128
3386935584
773874040
630718472
630718480
458640928
458640930
458640992
458640994
458640928
458640930
458640992
458640994
3301564288
3301564296
3301564288
3301564296
3320331574
1539326502
1539326512
1833428006
3264750932
3415228820
460157930
1964274382
606467712
1732857894
3386935584
3645223956
3645226516
1585450869
1585545387
3386935584
1496059005
1496059006
3645653581
3107539793
3645653019
1066365128
3386935584
3577186041
3577186297
3155557618
3155557620
3155557621
3397511230
3397511231
2063532112
2063532114
701215789
1484245704
1484245705
3116210732
3116210796
3580341771
3580341787
3580341803
3584434360
3584434361
3104516187
3561113350
3561113359
3571514792
3571514794
3557018141
3557018313
1404194315
1404194331
1404194347
3116210860
3116210924
1722048927
2619744451
2619748483
3320236728
3320236729
1383140802
1383140803
3641955214
1306400273
1733651215
3397277920
3397277921
3386935584
3642144948
3642145204
702500231
2075133860
1731356894
3383725768
714676288
714677312
3393950249
3393950250
3393950251
1940135976
1940168744
2072536196
2072538804
1940135976
2774765825
2774765953
3075346177
3075346241
2022457868
2022458124
1593247562
1831309460
1048923385
1048923386
1425141321
1425141322
1425141323
1425437079
1425437591
1425140953
1425140954
1425140955
1425140956
1425140957
1425140958
1407721834
1292894470
1292894471
1493785528
1493786552
1493785528
1493786552
3274300656
3274300657
3641510220
1292894470
1292894471
2019125761
1950667300
1950668068
3412121024
3412121025
2051014509
2051014512
2051014515
3561488432
3561488436
3387155134
3362531431
3387346439
3387346589
3131081120
3131098468
1908753460
2033596293
3411520720
2006996216
2006999032
2006481162
1932151012
2036023066
628078329
628079602
628079858
2006996216
2006999032
520140880
637057104
2998323231
2998323303
2998323331
2998323487
3648284183
3648284184
3648284185
3648284186
3648284187
3648284188
3648284189
1500301424
1500300142
1211244820
1211244821
3642527544
3642527608
3564217577
3564217578
1490465402
2204416024
2204416025
1446958685
1446958687
1347200146
3119471883
778111640
778111641
2995398145
2995398401
1384714191
1384714234
1384714236
1567701224
1567701225
1839635432
1839635433
3579285069
531440337
1427826577
531440337
1540249680
1442386168
1442386936
2956672846
2956672847
2956697534
2956697535
3650368766
3115947044
1442386168
1442386936
3570894065
3570894066
3570894067
3570894068
3570894069
3570894073
3570894074
3570894075
3570894076
3570894077
1446196031
1336554546
1336554778
3104151568
3570894065
3570894066
3570894067
3570894068
3570894069
3570894073
3570894074
3570894075
3570894076
3570894077
702154960
1525219624
1525620483
1334478849
1334478850
3580261899
3580261915
3580261931
1387750916
1387750924
1866556417
1866556433
2047595777
3413383425
3523874329
3523874585
1348460976
1348460980
3588603971
3588603986
1426051915
3110159391
1441653525
3583495405
3277534721
3277534722
1425371210
1521491457
1521491458
1066365128
3386935584
1998551310
1998551834
1029417574
1029417638
1867804924
1867837692
3158039809
3158040321
3158041345
3158041601
3642746693
3642746701
3642746709
3156861477
3156861973
3156862245
3156862491
3191536768
3191536769
3191537016
3191537017
3545052748
3545052749
3545052750
3545100635
3545100705
3545100706
3715634177
3715634187
3715634945
3715634955
2942320129
2942320385
702461770
702461770
3321496467
1295308095
1295308159
1360467687
3560615908
3633735475
3633735483
2800132679
2800132935
3234852098
1803165531
2734149144
2734149145
3398917377
1803165481
1803165531
1118809115
3493206659
3493220515
1803165531
3635458004
1161257048
1113457921
1113460533
1113460534
1113464421
3234324804
1119428858
59890649
418226060
418226123
1161257048
2891443975
3467138055
2815357418
1803165531
1168220795
1168220923
1161257048
2303942760
2303943016
3234852098
1118510804
3234852098
3331071528
3337019448
3337020472
3337021496
3519785025
3494034377
1810840360
1158019036
3498600076
3498600077
3458754981
1810840360
3343053185
3628230413
3628230414
3355584800
3121101664
3121101696
2204396670
2204396671
628019605
3161579836
3117803448
3386935584
3131557877
3131561973
3386935584
3416424066
1907950334
457499377
3416922890
3104516167
3002825786
3113899578
1343018402
1343018403
2779363558
687973254
687993990
704036862
691175477
701510256
701510257
701510262
701510263
703776513
703776769
1307980617
1307980646
2700214655
2700225407
